  1.2646000e+002  1.2200000e+000
  1.4163000e+002  1.3700000e+000
  1.3087000e+002  1.2400000e+000
  1.3979000e+002  1.4000000e+000
  1.3083000e+002  1.4700000e+000
  1.2252000e+002  1.4500000e+000
  1.3365000e+002  1.5600000e+000
  1.2464000e+002  1.5100000e+000
  1.3649000e+002  1.3600000e+000
  1.4395000e+002  1.4700000e+000
  1.8195000e+002  1.4400000e+000
  1.7638000e+002  1.3900000e+000
  1.6902000e+002  1.3900000e+000
  1.8567000e+002  1.2800000e+000
  2.0179000e+002  1.2600000e+000
  1.6699000e+002  1.4300000e+000
  1.4572000e+002  1.4700000e+000
  1.3331000e+002  1.5400000e+000
  1.4041000e+002  1.4100000e+000
  1.3110000e+002  1.3300000e+000
  1.4180000e+002  1.3800000e+000
  1.4101000e+002  1.3000000e+000
  1.6949000e+002  1.2800000e+000
  1.3761000e+002  1.3500000e+000
  1.2604000e+002  1.2000000e+000
  1.4082000e+002  1.2100000e+000
  1.5236000e+002  1.1800000e+000
  1.3946000e+002  1.3600000e+000
  1.2863000e+002  1.3000000e+000
  1.2783000e+002  1.3400000e+000
  1.2186000e+002  1.2500000e+000
  1.0773000e+002  1.2800000e+000
  1.4685000e+002  1.2300000e+000
  1.5858000e+002  1.2100000e+000
  1.3701000e+002  1.1300000e+000
  1.1075000e+002  1.2500000e+000
  1.0610000e+002  1.0400000e+000
  1.2590000e+002  1.2100000e+000
  1.2582000e+002  1.1400000e+000
  1.2260000e+002  1.1400000e+000
  1.1102000e+002  1.1300000e+000
  1.1402000e+002  1.2700000e+000
  1.2113000e+002  1.3700000e+000
  9.8150000e+001  1.1000000e+000
  1.0998000e+002  1.1800000e+000
  1.0951000e+002  1.0000000e+000
  1.3015000e+002  1.2200000e+000
  1.1498000e+002  1.2500000e+000
  1.1093000e+002  1.0800000e+000
  1.2675000e+002  1.2100000e+000
  1.2756000e+002  1.2000000e+000
  1.2326000e+002  1.1500000e+000
  1.0950000e+002  1.1600000e+000
  9.9220000e+001  1.2500000e+000
  1.1558000e+002  1.2600000e+000
  1.0277000e+002  1.3400000e+000
  1.1195000e+002  1.3000000e+000
  1.0764000e+002  1.0900000e+000
  1.3472000e+002  1.1700000e+000
  1.1306000e+002  1.2400000e+000
  1.2684000e+002  1.2500000e+000
  1.3621000e+002  1.2500000e+000
  1.2145000e+002  1.1900000e+000
  1.2898000e+002  1.2500000e+000
  1.1980000e+002  1.0500000e+000
  1.0536000e+002  1.2700000e+000
  1.2471000e+002  1.2700000e+000
  1.5402000e+002  1.1100000e+000
  1.1950000e+002  1.1900000e+000
  1.2785000e+002  1.1500000e+000
  1.5014000e+002  1.2500000e+000
  1.1721000e+002  1.2900000e+000
  1.0917000e+002  1.1100000e+000
  1.2033000e+002  1.2800000e+000
  1.1828000e+002  1.2500000e+000
  1.2812000e+002  1.2600000e+000
  1.1226000e+002  1.1900000e+000
  1.0428000e+002  1.2800000e+000
  1.1397000e+002  1.3800000e+000
  9.9360000e+001  1.4200000e+000
  1.0909000e+002  1.3800000e+000
  1.1825000e+002  1.2000000e+000
  1.3747000e+002  1.0900000e+000
  1.0897000e+002  1.1300000e+000
  1.0553000e+002  1.1100000e+000
  1.2309000e+002  1.3000000e+000
  1.1716000e+002  1.3000000e+000
  1.1552000e+002  1.1000000e+000
  1.1563000e+002  1.2400000e+000
  1.1502000e+002  1.2100000e+000
  1.1914000e+002  1.3600000e+000
  1.0033000e+002  1.2100000e+000
  1.0646000e+002  1.1100000e+000
  1.1835000e+002  1.0600000e+000
  1.3899000e+002  1.2600000e+000
  1.1561000e+002  1.2900000e+000
  1.0667000e+002  1.0500000e+000
  1.2153000e+002  1.2200000e+000
  1.1653000e+002  1.2900000e+000
  1.3954000e+002  1.3400000e+000
  1.3214000e+002  1.1800000e+000
  1.1206000e+002  1.3500000e+000
  1.1540000e+002  1.3600000e+000
  1.0994000e+002  1.2500000e+000
  1.1987000e+002  1.1900000e+000
  1.2698000e+002  1.1100000e+000
  1.5062000e+002  1.2200000e+000
  1.1950000e+002  1.3700000e+000
  1.2839000e+002  1.2000000e+000
  1.4035000e+002  1.2800000e+000
  1.4194000e+002  1.1600000e+000
  1.4088000e+002  1.2600000e+000
  1.3738000e+002  1.2600000e+000
  1.1750000e+002  1.4000000e+000
  1.2655000e+002  1.2700000e+000
  1.1845000e+002  1.2600000e+000
  1.3161000e+002  1.2700000e+000
  1.3267000e+002  1.2500000e+000
  1.6370000e+002  1.2700000e+000
  1.2668000e+002  1.3100000e+000
  1.2430000e+002  1.1300000e+000
  1.4906000e+002  1.3800000e+000
  1.2979000e+002  1.2300000e+000
  1.4192000e+002  1.4500000e+000
  1.2943000e+002  1.3300000e+000
  1.1666000e+002  1.5800000e+000
  1.2630000e+002  1.5200000e+000
  1.1899000e+002  1.4100000e+000
  1.2813000e+002  1.4000000e+000
  1.2377000e+002  1.2100000e+000
  1.4734000e+002  1.1300000e+000
  1.1563000e+002  1.2600000e+000
  1.1346000e+002  1.1300000e+000
  1.3482000e+002  1.2400000e+000
  1.2446000e+002  1.3300000e+000
  1.2689000e+002  1.4400000e+000
  1.1742000e+002  1.5800000e+000
  1.1367000e+002  1.4500000e+000
  1.2188000e+002  1.5400000e+000
  1.1090000e+002  1.5000000e+000
  1.2220000e+002  1.4300000e+000
  1.3391000e+002  1.2900000e+000
  1.4571000e+002  1.2700000e+000
  1.1085000e+002  1.3600000e+000
  1.2251000e+002  1.2900000e+000
  1.3407000e+002  1.2200000e+000
  1.2898000e+002  1.3700000e+000
  1.7253000e+002  1.4600000e+000
  1.6794000e+002  1.4700000e+000
  1.3797000e+002  1.5100000e+000
  1.3527000e+002  1.5200000e+000
  1.2549000e+002  1.3400000e+000
  1.3839000e+002  1.3100000e+000
  1.4385000e+002  1.4700000e+000
  1.7559000e+002  1.2900000e+000
  1.4660000e+002  1.3800000e+000
  1.4970000e+002  1.1800000e+000
  1.8079000e+002  1.3800000e+000
  2.1043000e+002  1.4200000e+000
  1.6516000e+002  1.5300000e+000
  1.3964000e+002  1.4700000e+000
  1.3683000e+002  1.6500000e+000
  1.4309000e+002  1.5100000e+000
  1.3596000e+002  1.4300000e+000
  1.6251000e+002  1.5500000e+000
  1.5159000e+002  1.3700000e+000
  1.9494000e+002  1.3800000e+000
  1.8585000e+002  1.4000000e+000
  1.6804000e+002  1.3500000e+000
  2.0974000e+002  1.3400000e+000
  2.0645000e+002  1.2800000e+000
  1.3083000e+002  1.3100000e+000
  1.1655000e+002  1.3200000e+000
  1.0074000e+002  1.3800000e+000
  1.0681000e+002  1.4500000e+000
  1.3854000e+002  1.3500000e+000
  1.1996000e+002  1.4300000e+000
  1.1221000e+002  1.2600000e+000
  1.2517000e+002  1.2600000e+000
  1.0557000e+002  1.2200000e+000
  9.6580000e+001  1.1100000e+000
  1.0939000e+002  1.1700000e+000
  1.0184000e+002  1.2000000e+000
  9.9950000e+001  1.1900000e+000
  8.8600000e+001  1.2200000e+000
  8.4910000e+001  1.3700000e+000
  8.1820000e+001  1.4600000e+000
  7.9670000e+001  1.2900000e+000
  8.5030000e+001  1.3800000e+000
  9.4300000e+001  1.2300000e+000
  1.0574000e+002  1.0900000e+000
  7.2420000e+001  1.1500000e+000
  8.2380000e+001  1.0300000e+000
  9.2590000e+001  9.7000000e-001
  8.3900000e+001  1.0400000e+000
  8.1980000e+001  1.0700000e+000
  7.5370000e+001  1.0500000e+000
  7.3770000e+001  1.1800000e+000
  7.4270000e+001  9.9000000e-001
  6.9050000e+001  1.1400000e+000
  7.2860000e+001  9.3000000e-001
  6.9520000e+001  9.8000000e-001
  8.1870000e+001  9.5000000e-001
  7.0360000e+001  1.0200000e+000
  7.0650000e+001  9.3000000e-001
  8.3180000e+001  1.0300000e+000
  9.4000000e+001  9.0000000e-001
  7.7160000e+001  9.5000000e-001
  7.2080000e+001  8.9000000e-001
  6.9620000e+001  1.1000000e+000
  6.5620000e+001  1.0100000e+000
  6.6530000e+001  9.5000000e-001
  6.5340000e+001  1.0700000e+000
  6.5930000e+001  8.9000000e-001
  7.6780000e+001  9.0000000e-001
  6.7390000e+001  9.7000000e-001
  6.2920000e+001  7.9000000e-001
  7.5060000e+001  7.9000000e-001
  6.7680000e+001  8.6000000e-001
  6.3750000e+001  8.9000000e-001
  6.2920000e+001  7.8000000e-001
  6.0090000e+001  7.8000000e-001
  6.1720000e+001  9.7000000e-001
  5.9240000e+001  7.0000000e-001
  6.3110000e+001  8.0000000e-001
  6.8250000e+001  7.8000000e-001
  7.3700000e+001  8.1000000e-001

